,term_date,is_holiday,date,day_of_week,month,day_of_year,week_of_year,hour,weighted_day_of_year,year,is_month_start,is_month_end,sin_hour,cos_hour,sin_day,cos_day,sin_week,cos_week,sin_month,cos_month,is_day,day_duration,night_duration,lag_1_day_Occupancy,lag_2_day_Occupancy,lag_3_day_Occupancy,lag_4_day_Occupancy,lag_5_day_Occupancy,lag_6_day_Occupancy
2024-08-13 04:00:00,False,False,2024-08-13 04:00:00,1.0,8.0,226.0,33,4.0,22600.0,2024.0,0.0,0.0,0.8660254037844386,0.5000000000000001,-0.6788204829862355,-0.734304263829602,0.7818314824680298,0.6234898018587336,-0.8660254037844385,-0.5000000000000004,0.0,0.0,4.0,32.0,44.0,42.0,13.0,21.0,14.0
2024-08-13 05:00:00,False,False,2024-08-13 05:00:00,1.0,8.0,226.0,33,5.0,22600.0,2024.0,0.0,0.0,0.9659258262890683,0.25881904510252074,-0.6788204829862355,-0.734304263829602,0.7818314824680298,0.6234898018587336,-0.8660254037844385,-0.5000000000000004,0.0,0.0,5.0,24.0,31.0,28.0,13.0,24.0,12.0
2024-08-13 06:00:00,False,False,2024-08-13 06:00:00,1.0,8.0,226.0,33,6.0,22600.0,2024.0,0.0,0.0,1.0,6.123233995736766e-17,-0.6788204829862355,-0.734304263829602,0.7818314824680298,0.6234898018587336,-0.8660254037844385,-0.5000000000000004,1.0,6.0,0.0,21.0,32.0,30.0,13.0,22.0,11.0
2024-08-13 07:00:00,False,False,2024-08-13 07:00:00,1.0,8.0,226.0,33,7.0,22600.0,2024.0,0.0,0.0,0.9659258262890683,-0.25881904510252063,-0.6788204829862355,-0.734304263829602,0.7818314824680298,0.6234898018587336,-0.8660254037844385,-0.5000000000000004,1.0,5.0,0.0,19.0,21.0,20.0,12.0,13.0,11.0
2024-08-13 08:00:00,False,False,2024-08-13 08:00:00,1.0,8.0,226.0,33,8.0,22600.0,2024.0,0.0,0.0,0.8660254037844387,-0.4999999999999998,-0.6788204829862355,-0.734304263829602,0.7818314824680298,0.6234898018587336,-0.8660254037844385,-0.5000000000000004,1.0,4.0,0.0,11.0,14.0,11.0,12.0,11.0,12.0
2024-08-13 09:00:00,False,False,2024-08-13 09:00:00,1.0,8.0,226.0,33,9.0,22600.0,2024.0,0.0,0.0,0.7071067811865476,-0.7071067811865475,-0.6788204829862355,-0.734304263829602,0.7818314824680298,0.6234898018587336,-0.8660254037844385,-0.5000000000000004,1.0,3.0,0.0,7.0,10.0,15.0,13.0,11.0,12.0
2024-08-13 10:00:00,False,False,2024-08-13 10:00:00,1.0,8.0,226.0,33,10.0,22600.0,2024.0,0.0,0.0,0.49999999999999994,-0.8660254037844387,-0.6788204829862355,-0.734304263829602,0.7818314824680298,0.6234898018587336,-0.8660254037844385,-0.5000000000000004,1.0,2.0,0.0,3.0,5.0,14.0,13.0,12.0,13.0
2024-08-13 11:00:00,False,False,2024-08-13 11:00:00,1.0,8.0,226.0,33,11.0,22600.0,2024.0,0.0,0.0,0.258819045102521,-0.9659258262890682,-0.6788204829862355,-0.734304263829602,0.7818314824680298,0.6234898018587336,-0.8660254037844385,-0.5000000000000004,1.0,1.0,0.0,3.0,5.0,16.0,1.0,3.0,7.0
2024-08-13 12:00:00,False,False,2024-08-13 12:00:00,1.0,8.0,226.0,33,12.0,22600.0,2024.0,0.0,0.0,1.2246467991473532e-16,-1.0,-0.6788204829862355,-0.734304263829602,0.7818314824680298,0.6234898018587336,-0.8660254037844385,-0.5000000000000004,1.0,0.0,0.0,2.0,3.0,12.0,9.0,9.0,11.0
2024-08-13 13:00:00,False,False,2024-08-13 13:00:00,1.0,8.0,226.0,33,13.0,22600.0,2024.0,0.0,0.0,-0.2588190451025208,-0.9659258262890683,-0.6788204829862355,-0.734304263829602,0.7818314824680298,0.6234898018587336,-0.8660254037844385,-0.5000000000000004,1.0,-1.0,0.0,1.0,4.0,10.0,23.0,22.0,29.0
2024-08-13 14:00:00,False,False,2024-08-13 14:00:00,1.0,8.0,226.0,33,14.0,22600.0,2024.0,0.0,0.0,-0.4999999999999997,-0.8660254037844388,-0.6788204829862355,-0.734304263829602,0.7818314824680298,0.6234898018587336,-0.8660254037844385,-0.5000000000000004,1.0,-2.0,0.0,1.0,4.0,9.0,42.0,50.0,45.0
2024-08-13 15:00:00,False,False,2024-08-13 15:00:00,1.0,8.0,226.0,33,15.0,22600.0,2024.0,0.0,0.0,-0.7071067811865471,-0.7071067811865479,-0.6788204829862355,-0.734304263829602,0.7818314824680298,0.6234898018587336,-0.8660254037844385,-0.5000000000000004,1.0,-3.0,0.0,0.0,4.0,9.0,43.0,56.0,49.0
2024-08-13 16:00:00,False,False,2024-08-13 16:00:00,1.0,8.0,226.0,33,16.0,22600.0,2024.0,0.0,0.0,-0.8660254037844385,-0.5000000000000004,-0.6788204829862355,-0.734304263829602,0.7818314824680298,0.6234898018587336,-0.8660254037844385,-0.5000000000000004,1.0,-4.0,0.0,1.0,4.0,9.0,58.0,77.0,55.0
2024-08-13 17:00:00,False,False,2024-08-13 17:00:00,1.0,8.0,226.0,33,17.0,22600.0,2024.0,0.0,0.0,-0.9659258262890683,-0.25881904510252063,-0.6788204829862355,-0.734304263829602,0.7818314824680298,0.6234898018587336,-0.8660254037844385,-0.5000000000000004,1.0,-5.0,0.0,2.0,4.0,9.0,48.0,61.0,68.0
2024-08-13 18:00:00,False,False,2024-08-13 18:00:00,1.0,8.0,226.0,33,18.0,22600.0,2024.0,0.0,0.0,-1.0,-1.8369701987210297e-16,-0.6788204829862355,-0.734304263829602,0.7818314824680298,0.6234898018587336,-0.8660254037844385,-0.5000000000000004,1.0,-6.0,0.0,4.0,5.0,6.0,54.0,53.0,64.0
2024-08-13 19:00:00,False,False,2024-08-13 19:00:00,1.0,8.0,226.0,33,19.0,22600.0,2024.0,0.0,0.0,-0.9659258262890684,0.2588190451025203,-0.6788204829862355,-0.734304263829602,0.7818314824680298,0.6234898018587336,-0.8660254037844385,-0.5000000000000004,0.0,0.0,19.0,7.0,7.0,7.0,47.0,56.0,55.0
2024-08-13 20:00:00,False,False,2024-08-13 20:00:00,1.0,8.0,226.0,33,20.0,22600.0,2024.0,0.0,0.0,-0.8660254037844386,0.5000000000000001,-0.6788204829862355,-0.734304263829602,0.7818314824680298,0.6234898018587336,-0.8660254037844385,-0.5000000000000004,0.0,0.0,20.0,22.0,11.0,8.0,50.0,51.0,55.0
2024-08-13 21:00:00,False,False,2024-08-13 21:00:00,1.0,8.0,226.0,33,21.0,22600.0,2024.0,0.0,0.0,-0.7071067811865477,0.7071067811865474,-0.6788204829862355,-0.734304263829602,0.7818314824680298,0.6234898018587336,-0.8660254037844385,-0.5000000000000004,0.0,0.0,21.0,32.0,25.0,21.0,42.0,50.0,47.0
2024-08-13 22:00:00,False,False,2024-08-13 22:00:00,1.0,8.0,226.0,33,22.0,22600.0,2024.0,0.0,0.0,-0.5000000000000004,0.8660254037844384,-0.6788204829862355,-0.734304263829602,0.7818314824680298,0.6234898018587336,-0.8660254037844385,-0.5000000000000004,0.0,0.0,22.0,37.0,28.0,32.0,43.0,44.0,39.0
2024-08-13 23:00:00,False,False,2024-08-13 23:00:00,1.0,8.0,226.0,33,23.0,22600.0,2024.0,0.0,0.0,-0.25881904510252157,0.9659258262890681,-0.6788204829862355,-0.734304263829602,0.7818314824680298,0.6234898018587336,-0.8660254037844385,-0.5000000000000004,0.0,0.0,23.0,53.0,35.0,43.0,58.0,41.0,40.0
