,term_date,is_holiday,date,day_of_week,month,day_of_year,week_of_year,hour,weighted_day_of_year,year,is_month_start,is_month_end,sin_hour,cos_hour,sin_day,cos_day,sin_week,cos_week,sin_month,cos_month,is_day,day_duration,night_duration,lag_7_days_Occupancy
2024-08-09 18:00:00,False,False,2024-08-09 18:00:00,4.0,8.0,222.0,32,18.0,22200.0,2024.0,0.0,0.0,-1.0,-1.8369701987210297e-16,-0.6267266965083301,-0.7792391467859886,-0.433883739117558,-0.9009688679024191,-0.8660254037844385,-0.5000000000000004,1.0,-6.0,0.0,52.0
2024-08-09 19:00:00,False,False,2024-08-09 19:00:00,4.0,8.0,222.0,32,19.0,22200.0,2024.0,0.0,0.0,-0.9659258262890684,0.2588190451025203,-0.6267266965083301,-0.7792391467859886,-0.433883739117558,-0.9009688679024191,-0.8660254037844385,-0.5000000000000004,0.0,0.0,19.0,73.0
2024-08-09 20:00:00,False,False,2024-08-09 20:00:00,4.0,8.0,222.0,32,20.0,22200.0,2024.0,0.0,0.0,-0.8660254037844386,0.5000000000000001,-0.6267266965083301,-0.7792391467859886,-0.433883739117558,-0.9009688679024191,-0.8660254037844385,-0.5000000000000004,0.0,0.0,20.0,61.0
2024-08-09 21:00:00,False,False,2024-08-09 21:00:00,4.0,8.0,222.0,32,21.0,22200.0,2024.0,0.0,0.0,-0.7071067811865477,0.7071067811865474,-0.6267266965083301,-0.7792391467859886,-0.433883739117558,-0.9009688679024191,-0.8660254037844385,-0.5000000000000004,0.0,0.0,21.0,56.0
2024-08-09 22:00:00,False,False,2024-08-09 22:00:00,4.0,8.0,222.0,32,22.0,22200.0,2024.0,0.0,0.0,-0.5000000000000004,0.8660254037844384,-0.6267266965083301,-0.7792391467859886,-0.433883739117558,-0.9009688679024191,-0.8660254037844385,-0.5000000000000004,0.0,0.0,22.0,56.0
2024-08-09 23:00:00,False,False,2024-08-09 23:00:00,4.0,8.0,222.0,32,23.0,22200.0,2024.0,0.0,0.0,-0.25881904510252157,0.9659258262890681,-0.6267266965083301,-0.7792391467859886,-0.433883739117558,-0.9009688679024191,-0.8660254037844385,-0.5000000000000004,0.0,0.0,23.0,56.0
2024-08-10 00:00:00,False,False,2024-08-10 00:00:00,5.0,8.0,223.0,32,0.0,22300.0,2024.0,0.0,0.0,0.0,1.0,-0.6400381082043503,-0.7683431655492202,-0.9749279121818236,-0.2225209339563146,-0.8660254037844385,-0.5000000000000004,0.0,0.0,0.0,56.0
2024-08-10 01:00:00,False,False,2024-08-10 01:00:00,5.0,8.0,223.0,32,1.0,22300.0,2024.0,0.0,0.0,0.25881904510252074,0.9659258262890683,-0.6400381082043503,-0.7683431655492202,-0.9749279121818236,-0.2225209339563146,-0.8660254037844385,-0.5000000000000004,0.0,0.0,1.0,56.0
2024-08-10 02:00:00,False,False,2024-08-10 02:00:00,5.0,8.0,223.0,32,2.0,22300.0,2024.0,0.0,0.0,0.49999999999999994,0.8660254037844387,-0.6400381082043503,-0.7683431655492202,-0.9749279121818236,-0.2225209339563146,-0.8660254037844385,-0.5000000000000004,0.0,0.0,2.0,56.0
2024-08-10 03:00:00,False,False,2024-08-10 03:00:00,5.0,8.0,223.0,32,3.0,22300.0,2024.0,0.0,0.0,0.7071067811865476,0.7071067811865476,-0.6400381082043503,-0.7683431655492202,-0.9749279121818236,-0.2225209339563146,-0.8660254037844385,-0.5000000000000004,0.0,0.0,3.0,56.0
2024-08-10 04:00:00,False,False,2024-08-10 04:00:00,5.0,8.0,223.0,32,4.0,22300.0,2024.0,0.0,0.0,0.8660254037844386,0.5000000000000001,-0.6400381082043503,-0.7683431655492202,-0.9749279121818236,-0.2225209339563146,-0.8660254037844385,-0.5000000000000004,0.0,0.0,4.0,32.0
2024-08-10 05:00:00,False,False,2024-08-10 05:00:00,5.0,8.0,223.0,32,5.0,22300.0,2024.0,0.0,0.0,0.9659258262890683,0.25881904510252074,-0.6400381082043503,-0.7683431655492202,-0.9749279121818236,-0.2225209339563146,-0.8660254037844385,-0.5000000000000004,0.0,0.0,5.0,23.0
2024-08-10 06:00:00,False,False,2024-08-10 06:00:00,5.0,8.0,223.0,32,6.0,22300.0,2024.0,0.0,0.0,1.0,6.123233995736766e-17,-0.6400381082043503,-0.7683431655492202,-0.9749279121818236,-0.2225209339563146,-0.8660254037844385,-0.5000000000000004,1.0,6.0,0.0,28.0
2024-08-10 07:00:00,False,False,2024-08-10 07:00:00,5.0,8.0,223.0,32,7.0,22300.0,2024.0,0.0,0.0,0.9659258262890683,-0.25881904510252063,-0.6400381082043503,-0.7683431655492202,-0.9749279121818236,-0.2225209339563146,-0.8660254037844385,-0.5000000000000004,1.0,5.0,0.0,16.0
2024-08-10 08:00:00,False,False,2024-08-10 08:00:00,5.0,8.0,223.0,32,8.0,22300.0,2024.0,0.0,0.0,0.8660254037844387,-0.4999999999999998,-0.6400381082043503,-0.7683431655492202,-0.9749279121818236,-0.2225209339563146,-0.8660254037844385,-0.5000000000000004,1.0,4.0,0.0,15.0
2024-08-10 09:00:00,False,False,2024-08-10 09:00:00,5.0,8.0,223.0,32,9.0,22300.0,2024.0,0.0,0.0,0.7071067811865476,-0.7071067811865475,-0.6400381082043503,-0.7683431655492202,-0.9749279121818236,-0.2225209339563146,-0.8660254037844385,-0.5000000000000004,1.0,3.0,0.0,15.0
2024-08-10 10:00:00,False,False,2024-08-10 10:00:00,5.0,8.0,223.0,32,10.0,22300.0,2024.0,0.0,0.0,0.49999999999999994,-0.8660254037844387,-0.6400381082043503,-0.7683431655492202,-0.9749279121818236,-0.2225209339563146,-0.8660254037844385,-0.5000000000000004,1.0,2.0,0.0,13.0
2024-08-10 11:00:00,False,False,2024-08-10 11:00:00,5.0,8.0,223.0,32,11.0,22300.0,2024.0,0.0,0.0,0.258819045102521,-0.9659258262890682,-0.6400381082043503,-0.7683431655492202,-0.9749279121818236,-0.2225209339563146,-0.8660254037844385,-0.5000000000000004,1.0,1.0,0.0,13.0
2024-08-10 12:00:00,False,False,2024-08-10 12:00:00,5.0,8.0,223.0,32,12.0,22300.0,2024.0,0.0,0.0,1.2246467991473532e-16,-1.0,-0.6400381082043503,-0.7683431655492202,-0.9749279121818236,-0.2225209339563146,-0.8660254037844385,-0.5000000000000004,1.0,0.0,0.0,13.0
2024-08-10 13:00:00,False,False,2024-08-10 13:00:00,5.0,8.0,223.0,32,13.0,22300.0,2024.0,0.0,0.0,-0.2588190451025208,-0.9659258262890683,-0.6400381082043503,-0.7683431655492202,-0.9749279121818236,-0.2225209339563146,-0.8660254037844385,-0.5000000000000004,1.0,-1.0,0.0,13.0
2024-08-10 14:00:00,False,False,2024-08-10 14:00:00,5.0,8.0,223.0,32,14.0,22300.0,2024.0,0.0,0.0,-0.4999999999999997,-0.8660254037844388,-0.6400381082043503,-0.7683431655492202,-0.9749279121818236,-0.2225209339563146,-0.8660254037844385,-0.5000000000000004,1.0,-2.0,0.0,8.0
2024-08-10 15:00:00,False,False,2024-08-10 15:00:00,5.0,8.0,223.0,32,15.0,22300.0,2024.0,0.0,0.0,-0.7071067811865471,-0.7071067811865479,-0.6400381082043503,-0.7683431655492202,-0.9749279121818236,-0.2225209339563146,-0.8660254037844385,-0.5000000000000004,1.0,-3.0,0.0,10.0
2024-08-10 16:00:00,False,False,2024-08-10 16:00:00,5.0,8.0,223.0,32,16.0,22300.0,2024.0,0.0,0.0,-0.8660254037844385,-0.5000000000000004,-0.6400381082043503,-0.7683431655492202,-0.9749279121818236,-0.2225209339563146,-0.8660254037844385,-0.5000000000000004,1.0,-4.0,0.0,24.0
2024-08-10 17:00:00,False,False,2024-08-10 17:00:00,5.0,8.0,223.0,32,17.0,22300.0,2024.0,0.0,0.0,-0.9659258262890683,-0.25881904510252063,-0.6400381082043503,-0.7683431655492202,-0.9749279121818236,-0.2225209339563146,-0.8660254037844385,-0.5000000000000004,1.0,-5.0,0.0,47.0
2024-08-10 18:00:00,False,False,2024-08-10 18:00:00,5.0,8.0,223.0,32,18.0,22300.0,2024.0,0.0,0.0,-1.0,-1.8369701987210297e-16,-0.6400381082043503,-0.7683431655492202,-0.9749279121818236,-0.2225209339563146,-0.8660254037844385,-0.5000000000000004,1.0,-6.0,0.0,51.0
2024-08-10 19:00:00,False,False,2024-08-10 19:00:00,5.0,8.0,223.0,32,19.0,22300.0,2024.0,0.0,0.0,-0.9659258262890684,0.2588190451025203,-0.6400381082043503,-0.7683431655492202,-0.9749279121818236,-0.2225209339563146,-0.8660254037844385,-0.5000000000000004,0.0,0.0,19.0,71.0
2024-08-10 20:00:00,False,False,2024-08-10 20:00:00,5.0,8.0,223.0,32,20.0,22300.0,2024.0,0.0,0.0,-0.8660254037844386,0.5000000000000001,-0.6400381082043503,-0.7683431655492202,-0.9749279121818236,-0.2225209339563146,-0.8660254037844385,-0.5000000000000004,0.0,0.0,20.0,62.0
2024-08-10 21:00:00,False,False,2024-08-10 21:00:00,5.0,8.0,223.0,32,21.0,22300.0,2024.0,0.0,0.0,-0.7071067811865477,0.7071067811865474,-0.6400381082043503,-0.7683431655492202,-0.9749279121818236,-0.2225209339563146,-0.8660254037844385,-0.5000000000000004,0.0,0.0,21.0,59.0
2024-08-10 22:00:00,False,False,2024-08-10 22:00:00,5.0,8.0,223.0,32,22.0,22300.0,2024.0,0.0,0.0,-0.5000000000000004,0.8660254037844384,-0.6400381082043503,-0.7683431655492202,-0.9749279121818236,-0.2225209339563146,-0.8660254037844385,-0.5000000000000004,0.0,0.0,22.0,47.0
2024-08-10 23:00:00,False,False,2024-08-10 23:00:00,5.0,8.0,223.0,32,23.0,22300.0,2024.0,0.0,0.0,-0.25881904510252157,0.9659258262890681,-0.6400381082043503,-0.7683431655492202,-0.9749279121818236,-0.2225209339563146,-0.8660254037844385,-0.5000000000000004,0.0,0.0,23.0,58.0
2024-08-11 00:00:00,False,False,2024-08-11 00:00:00,6.0,8.0,224.0,32,0.0,22400.0,2024.0,0.0,0.0,0.0,1.0,-0.65316012232693,-0.7572198192083127,-0.7818314824680299,0.6234898018587334,-0.8660254037844385,-0.5000000000000004,0.0,0.0,0.0,40.0
2024-08-11 01:00:00,False,False,2024-08-11 01:00:00,6.0,8.0,224.0,32,1.0,22400.0,2024.0,0.0,0.0,0.25881904510252074,0.9659258262890683,-0.65316012232693,-0.7572198192083127,-0.7818314824680299,0.6234898018587334,-0.8660254037844385,-0.5000000000000004,0.0,0.0,1.0,40.0
2024-08-11 02:00:00,False,False,2024-08-11 02:00:00,6.0,8.0,224.0,32,2.0,22400.0,2024.0,0.0,0.0,0.49999999999999994,0.8660254037844387,-0.65316012232693,-0.7572198192083127,-0.7818314824680299,0.6234898018587334,-0.8660254037844385,-0.5000000000000004,0.0,0.0,2.0,26.0
2024-08-11 03:00:00,False,False,2024-08-11 03:00:00,6.0,8.0,224.0,32,3.0,22400.0,2024.0,0.0,0.0,0.7071067811865476,0.7071067811865476,-0.65316012232693,-0.7572198192083127,-0.7818314824680299,0.6234898018587334,-0.8660254037844385,-0.5000000000000004,0.0,0.0,3.0,23.0
2024-08-11 04:00:00,False,False,2024-08-11 04:00:00,6.0,8.0,224.0,32,4.0,22400.0,2024.0,0.0,0.0,0.8660254037844386,0.5000000000000001,-0.65316012232693,-0.7572198192083127,-0.7818314824680299,0.6234898018587334,-0.8660254037844385,-0.5000000000000004,0.0,0.0,4.0,15.0
2024-08-11 05:00:00,False,False,2024-08-11 05:00:00,6.0,8.0,224.0,32,5.0,22400.0,2024.0,0.0,0.0,0.9659258262890683,0.25881904510252074,-0.65316012232693,-0.7572198192083127,-0.7818314824680299,0.6234898018587334,-0.8660254037844385,-0.5000000000000004,0.0,0.0,5.0,14.0
2024-08-11 06:00:00,False,False,2024-08-11 06:00:00,6.0,8.0,224.0,32,6.0,22400.0,2024.0,0.0,0.0,1.0,6.123233995736766e-17,-0.65316012232693,-0.7572198192083127,-0.7818314824680299,0.6234898018587334,-0.8660254037844385,-0.5000000000000004,1.0,6.0,0.0,16.0
2024-08-11 07:00:00,False,False,2024-08-11 07:00:00,6.0,8.0,224.0,32,7.0,22400.0,2024.0,0.0,0.0,0.9659258262890683,-0.25881904510252063,-0.65316012232693,-0.7572198192083127,-0.7818314824680299,0.6234898018587334,-0.8660254037844385,-0.5000000000000004,1.0,5.0,0.0,14.0
2024-08-11 08:00:00,False,False,2024-08-11 08:00:00,6.0,8.0,224.0,32,8.0,22400.0,2024.0,0.0,0.0,0.8660254037844387,-0.4999999999999998,-0.65316012232693,-0.7572198192083127,-0.7818314824680299,0.6234898018587334,-0.8660254037844385,-0.5000000000000004,1.0,4.0,0.0,13.0
2024-08-11 09:00:00,False,False,2024-08-11 09:00:00,6.0,8.0,224.0,32,9.0,22400.0,2024.0,0.0,0.0,0.7071067811865476,-0.7071067811865475,-0.65316012232693,-0.7572198192083127,-0.7818314824680299,0.6234898018587334,-0.8660254037844385,-0.5000000000000004,1.0,3.0,0.0,13.0
2024-08-11 10:00:00,False,False,2024-08-11 10:00:00,6.0,8.0,224.0,32,10.0,22400.0,2024.0,0.0,0.0,0.49999999999999994,-0.8660254037844387,-0.65316012232693,-0.7572198192083127,-0.7818314824680299,0.6234898018587334,-0.8660254037844385,-0.5000000000000004,1.0,2.0,0.0,13.0
2024-08-11 11:00:00,False,False,2024-08-11 11:00:00,6.0,8.0,224.0,32,11.0,22400.0,2024.0,0.0,0.0,0.258819045102521,-0.9659258262890682,-0.65316012232693,-0.7572198192083127,-0.7818314824680299,0.6234898018587334,-0.8660254037844385,-0.5000000000000004,1.0,1.0,0.0,13.0
2024-08-11 12:00:00,False,False,2024-08-11 12:00:00,6.0,8.0,224.0,32,12.0,22400.0,2024.0,0.0,0.0,1.2246467991473532e-16,-1.0,-0.65316012232693,-0.7572198192083127,-0.7818314824680299,0.6234898018587334,-0.8660254037844385,-0.5000000000000004,1.0,0.0,0.0,13.0
2024-08-11 13:00:00,False,False,2024-08-11 13:00:00,6.0,8.0,224.0,32,13.0,22400.0,2024.0,0.0,0.0,-0.2588190451025208,-0.9659258262890683,-0.65316012232693,-0.7572198192083127,-0.7818314824680299,0.6234898018587334,-0.8660254037844385,-0.5000000000000004,1.0,-1.0,0.0,13.0
2024-08-11 14:00:00,False,False,2024-08-11 14:00:00,6.0,8.0,224.0,32,14.0,22400.0,2024.0,0.0,0.0,-0.4999999999999997,-0.8660254037844388,-0.65316012232693,-0.7572198192083127,-0.7818314824680299,0.6234898018587334,-0.8660254037844385,-0.5000000000000004,1.0,-2.0,0.0,6.0
2024-08-11 15:00:00,False,False,2024-08-11 15:00:00,6.0,8.0,224.0,32,15.0,22400.0,2024.0,0.0,0.0,-0.7071067811865471,-0.7071067811865479,-0.65316012232693,-0.7572198192083127,-0.7818314824680299,0.6234898018587334,-0.8660254037844385,-0.5000000000000004,1.0,-3.0,0.0,11.0
2024-08-11 16:00:00,False,False,2024-08-11 16:00:00,6.0,8.0,224.0,32,16.0,22400.0,2024.0,0.0,0.0,-0.8660254037844385,-0.5000000000000004,-0.65316012232693,-0.7572198192083127,-0.7818314824680299,0.6234898018587334,-0.8660254037844385,-0.5000000000000004,1.0,-4.0,0.0,12.0
2024-08-11 17:00:00,False,False,2024-08-11 17:00:00,6.0,8.0,224.0,32,17.0,22400.0,2024.0,0.0,0.0,-0.9659258262890683,-0.25881904510252063,-0.65316012232693,-0.7572198192083127,-0.7818314824680299,0.6234898018587334,-0.8660254037844385,-0.5000000000000004,1.0,-5.0,0.0,29.0
2024-08-11 18:00:00,False,False,2024-08-11 18:00:00,6.0,8.0,224.0,32,18.0,22400.0,2024.0,0.0,0.0,-1.0,-1.8369701987210297e-16,-0.65316012232693,-0.7572198192083127,-0.7818314824680299,0.6234898018587334,-0.8660254037844385,-0.5000000000000004,1.0,-6.0,0.0,35.0
2024-08-11 19:00:00,False,False,2024-08-11 19:00:00,6.0,8.0,224.0,32,19.0,22400.0,2024.0,0.0,0.0,-0.9659258262890684,0.2588190451025203,-0.65316012232693,-0.7572198192083127,-0.7818314824680299,0.6234898018587334,-0.8660254037844385,-0.5000000000000004,0.0,0.0,19.0,46.0
2024-08-11 20:00:00,False,False,2024-08-11 20:00:00,6.0,8.0,224.0,32,20.0,22400.0,2024.0,0.0,0.0,-0.8660254037844386,0.5000000000000001,-0.65316012232693,-0.7572198192083127,-0.7818314824680299,0.6234898018587334,-0.8660254037844385,-0.5000000000000004,0.0,0.0,20.0,45.0
2024-08-11 21:00:00,False,False,2024-08-11 21:00:00,6.0,8.0,224.0,32,21.0,22400.0,2024.0,0.0,0.0,-0.7071067811865477,0.7071067811865474,-0.65316012232693,-0.7572198192083127,-0.7818314824680299,0.6234898018587334,-0.8660254037844385,-0.5000000000000004,0.0,0.0,21.0,51.0
2024-08-11 22:00:00,False,False,2024-08-11 22:00:00,6.0,8.0,224.0,32,22.0,22400.0,2024.0,0.0,0.0,-0.5000000000000004,0.8660254037844384,-0.65316012232693,-0.7572198192083127,-0.7818314824680299,0.6234898018587334,-0.8660254037844385,-0.5000000000000004,0.0,0.0,22.0,44.0
2024-08-11 23:00:00,False,False,2024-08-11 23:00:00,6.0,8.0,224.0,32,23.0,22400.0,2024.0,0.0,0.0,-0.25881904510252157,0.9659258262890681,-0.65316012232693,-0.7572198192083127,-0.7818314824680299,0.6234898018587334,-0.8660254037844385,-0.5000000000000004,0.0,0.0,23.0,44.0
2024-08-12 00:00:00,False,False,2024-08-12 00:00:00,0.0,8.0,225.0,33,0.0,22500.0,2024.0,0.0,0.0,0.0,1.0,-0.666088855860977,-0.7458723993404063,0.0,1.0,-0.8660254037844385,-0.5000000000000004,0.0,0.0,0.0,35.0
2024-08-12 01:00:00,False,False,2024-08-12 01:00:00,0.0,8.0,225.0,33,1.0,22500.0,2024.0,0.0,0.0,0.25881904510252074,0.9659258262890683,-0.666088855860977,-0.7458723993404063,0.0,1.0,-0.8660254037844385,-0.5000000000000004,0.0,0.0,1.0,40.0
2024-08-12 02:00:00,False,False,2024-08-12 02:00:00,0.0,8.0,225.0,33,2.0,22500.0,2024.0,0.0,0.0,0.49999999999999994,0.8660254037844387,-0.666088855860977,-0.7458723993404063,0.0,1.0,-0.8660254037844385,-0.5000000000000004,0.0,0.0,2.0,33.0
2024-08-12 03:00:00,False,False,2024-08-12 03:00:00,0.0,8.0,225.0,33,3.0,22500.0,2024.0,0.0,0.0,0.7071067811865476,0.7071067811865476,-0.666088855860977,-0.7458723993404063,0.0,1.0,-0.8660254037844385,-0.5000000000000004,0.0,0.0,3.0,24.0
2024-08-12 04:00:00,False,False,2024-08-12 04:00:00,0.0,8.0,225.0,33,4.0,22500.0,2024.0,0.0,0.0,0.8660254037844386,0.5000000000000001,-0.666088855860977,-0.7458723993404063,0.0,1.0,-0.8660254037844385,-0.5000000000000004,0.0,0.0,4.0,21.0
2024-08-12 05:00:00,False,False,2024-08-12 05:00:00,0.0,8.0,225.0,33,5.0,22500.0,2024.0,0.0,0.0,0.9659258262890683,0.25881904510252074,-0.666088855860977,-0.7458723993404063,0.0,1.0,-0.8660254037844385,-0.5000000000000004,0.0,0.0,5.0,15.0
2024-08-12 06:00:00,False,False,2024-08-12 06:00:00,0.0,8.0,225.0,33,6.0,22500.0,2024.0,0.0,0.0,1.0,6.123233995736766e-17,-0.666088855860977,-0.7458723993404063,0.0,1.0,-0.8660254037844385,-0.5000000000000004,1.0,6.0,0.0,7.0
2024-08-12 07:00:00,False,False,2024-08-12 07:00:00,0.0,8.0,225.0,33,7.0,22500.0,2024.0,0.0,0.0,0.9659258262890683,-0.25881904510252063,-0.666088855860977,-0.7458723993404063,0.0,1.0,-0.8660254037844385,-0.5000000000000004,1.0,5.0,0.0,7.0
2024-08-12 08:00:00,False,False,2024-08-12 08:00:00,0.0,8.0,225.0,33,8.0,22500.0,2024.0,0.0,0.0,0.8660254037844387,-0.4999999999999998,-0.666088855860977,-0.7458723993404063,0.0,1.0,-0.8660254037844385,-0.5000000000000004,1.0,4.0,0.0,4.0
2024-08-12 09:00:00,False,False,2024-08-12 09:00:00,0.0,8.0,225.0,33,9.0,22500.0,2024.0,0.0,0.0,0.7071067811865476,-0.7071067811865475,-0.666088855860977,-0.7458723993404063,0.0,1.0,-0.8660254037844385,-0.5000000000000004,1.0,3.0,0.0,2.0
2024-08-12 10:00:00,False,False,2024-08-12 10:00:00,0.0,8.0,225.0,33,10.0,22500.0,2024.0,0.0,0.0,0.49999999999999994,-0.8660254037844387,-0.666088855860977,-0.7458723993404063,0.0,1.0,-0.8660254037844385,-0.5000000000000004,1.0,2.0,0.0,2.0
2024-08-12 11:00:00,False,False,2024-08-12 11:00:00,0.0,8.0,225.0,33,11.0,22500.0,2024.0,0.0,0.0,0.258819045102521,-0.9659258262890682,-0.666088855860977,-0.7458723993404063,0.0,1.0,-0.8660254037844385,-0.5000000000000004,1.0,1.0,0.0,2.0
2024-08-12 12:00:00,False,False,2024-08-12 12:00:00,0.0,8.0,225.0,33,12.0,22500.0,2024.0,0.0,0.0,1.2246467991473532e-16,-1.0,-0.666088855860977,-0.7458723993404063,0.0,1.0,-0.8660254037844385,-0.5000000000000004,1.0,0.0,0.0,2.0
2024-08-12 13:00:00,False,False,2024-08-12 13:00:00,0.0,8.0,225.0,33,13.0,22500.0,2024.0,0.0,0.0,-0.2588190451025208,-0.9659258262890683,-0.666088855860977,-0.7458723993404063,0.0,1.0,-0.8660254037844385,-0.5000000000000004,1.0,-1.0,0.0,2.0
2024-08-12 14:00:00,False,False,2024-08-12 14:00:00,0.0,8.0,225.0,33,14.0,22500.0,2024.0,0.0,0.0,-0.4999999999999997,-0.8660254037844388,-0.666088855860977,-0.7458723993404063,0.0,1.0,-0.8660254037844385,-0.5000000000000004,1.0,-2.0,0.0,3.0
2024-08-12 15:00:00,False,False,2024-08-12 15:00:00,0.0,8.0,225.0,33,15.0,22500.0,2024.0,0.0,0.0,-0.7071067811865471,-0.7071067811865479,-0.666088855860977,-0.7458723993404063,0.0,1.0,-0.8660254037844385,-0.5000000000000004,1.0,-3.0,0.0,4.0
2024-08-12 16:00:00,False,False,2024-08-12 16:00:00,0.0,8.0,225.0,33,16.0,22500.0,2024.0,0.0,0.0,-0.8660254037844385,-0.5000000000000004,-0.666088855860977,-0.7458723993404063,0.0,1.0,-0.8660254037844385,-0.5000000000000004,1.0,-4.0,0.0,10.0
2024-08-12 17:00:00,False,False,2024-08-12 17:00:00,0.0,8.0,225.0,33,17.0,22500.0,2024.0,0.0,0.0,-0.9659258262890683,-0.25881904510252063,-0.666088855860977,-0.7458723993404063,0.0,1.0,-0.8660254037844385,-0.5000000000000004,1.0,-5.0,0.0,12.0
2024-08-12 18:00:00,False,False,2024-08-12 18:00:00,0.0,8.0,225.0,33,18.0,22500.0,2024.0,0.0,0.0,-1.0,-1.8369701987210297e-16,-0.666088855860977,-0.7458723993404063,0.0,1.0,-0.8660254037844385,-0.5000000000000004,1.0,-6.0,0.0,24.0
2024-08-12 19:00:00,False,False,2024-08-12 19:00:00,0.0,8.0,225.0,33,19.0,22500.0,2024.0,0.0,0.0,-0.9659258262890684,0.2588190451025203,-0.666088855860977,-0.7458723993404063,0.0,1.0,-0.8660254037844385,-0.5000000000000004,0.0,0.0,19.0,35.0
2024-08-12 20:00:00,False,False,2024-08-12 20:00:00,0.0,8.0,225.0,33,20.0,22500.0,2024.0,0.0,0.0,-0.8660254037844386,0.5000000000000001,-0.666088855860977,-0.7458723993404063,0.0,1.0,-0.8660254037844385,-0.5000000000000004,0.0,0.0,20.0,31.0
2024-08-12 21:00:00,False,False,2024-08-12 21:00:00,0.0,8.0,225.0,33,21.0,22500.0,2024.0,0.0,0.0,-0.7071067811865477,0.7071067811865474,-0.666088855860977,-0.7458723993404063,0.0,1.0,-0.8660254037844385,-0.5000000000000004,0.0,0.0,21.0,52.0
2024-08-12 22:00:00,False,False,2024-08-12 22:00:00,0.0,8.0,225.0,33,22.0,22500.0,2024.0,0.0,0.0,-0.5000000000000004,0.8660254037844384,-0.666088855860977,-0.7458723993404063,0.0,1.0,-0.8660254037844385,-0.5000000000000004,0.0,0.0,22.0,70.0
2024-08-12 23:00:00,False,False,2024-08-12 23:00:00,0.0,8.0,225.0,33,23.0,22500.0,2024.0,0.0,0.0,-0.25881904510252157,0.9659258262890681,-0.666088855860977,-0.7458723993404063,0.0,1.0,-0.8660254037844385,-0.5000000000000004,0.0,0.0,23.0,70.0
2024-08-13 00:00:00,False,False,2024-08-13 00:00:00,1.0,8.0,226.0,33,0.0,22600.0,2024.0,0.0,0.0,0.0,1.0,-0.6788204829862355,-0.734304263829602,0.7818314824680298,0.6234898018587336,-0.8660254037844385,-0.5000000000000004,0.0,0.0,0.0,69.0
2024-08-13 01:00:00,False,False,2024-08-13 01:00:00,1.0,8.0,226.0,33,1.0,22600.0,2024.0,0.0,0.0,0.25881904510252074,0.9659258262890683,-0.6788204829862355,-0.734304263829602,0.7818314824680298,0.6234898018587336,-0.8660254037844385,-0.5000000000000004,0.0,0.0,1.0,28.0
2024-08-13 02:00:00,False,False,2024-08-13 02:00:00,1.0,8.0,226.0,33,2.0,22600.0,2024.0,0.0,0.0,0.49999999999999994,0.8660254037844387,-0.6788204829862355,-0.734304263829602,0.7818314824680298,0.6234898018587336,-0.8660254037844385,-0.5000000000000004,0.0,0.0,2.0,15.0
2024-08-13 03:00:00,False,False,2024-08-13 03:00:00,1.0,8.0,226.0,33,3.0,22600.0,2024.0,0.0,0.0,0.7071067811865476,0.7071067811865476,-0.6788204829862355,-0.734304263829602,0.7818314824680298,0.6234898018587336,-0.8660254037844385,-0.5000000000000004,0.0,0.0,3.0,10.0
2024-08-13 04:00:00,False,False,2024-08-13 04:00:00,1.0,8.0,226.0,33,4.0,22600.0,2024.0,0.0,0.0,0.8660254037844386,0.5000000000000001,-0.6788204829862355,-0.734304263829602,0.7818314824680298,0.6234898018587336,-0.8660254037844385,-0.5000000000000004,0.0,0.0,4.0,8.0
2024-08-13 05:00:00,False,False,2024-08-13 05:00:00,1.0,8.0,226.0,33,5.0,22600.0,2024.0,0.0,0.0,0.9659258262890683,0.25881904510252074,-0.6788204829862355,-0.734304263829602,0.7818314824680298,0.6234898018587336,-0.8660254037844385,-0.5000000000000004,0.0,0.0,5.0,7.0
2024-08-13 06:00:00,False,False,2024-08-13 06:00:00,1.0,8.0,226.0,33,6.0,22600.0,2024.0,0.0,0.0,1.0,6.123233995736766e-17,-0.6788204829862355,-0.734304263829602,0.7818314824680298,0.6234898018587336,-0.8660254037844385,-0.5000000000000004,1.0,6.0,0.0,3.0
2024-08-13 07:00:00,False,False,2024-08-13 07:00:00,1.0,8.0,226.0,33,7.0,22600.0,2024.0,0.0,0.0,0.9659258262890683,-0.25881904510252063,-0.6788204829862355,-0.734304263829602,0.7818314824680298,0.6234898018587336,-0.8660254037844385,-0.5000000000000004,1.0,5.0,0.0,5.0
2024-08-13 08:00:00,False,False,2024-08-13 08:00:00,1.0,8.0,226.0,33,8.0,22600.0,2024.0,0.0,0.0,0.8660254037844387,-0.4999999999999998,-0.6788204829862355,-0.734304263829602,0.7818314824680298,0.6234898018587336,-0.8660254037844385,-0.5000000000000004,1.0,4.0,0.0,4.0
2024-08-13 09:00:00,False,False,2024-08-13 09:00:00,1.0,8.0,226.0,33,9.0,22600.0,2024.0,0.0,0.0,0.7071067811865476,-0.7071067811865475,-0.6788204829862355,-0.734304263829602,0.7818314824680298,0.6234898018587336,-0.8660254037844385,-0.5000000000000004,1.0,3.0,0.0,3.0
2024-08-13 10:00:00,False,False,2024-08-13 10:00:00,1.0,8.0,226.0,33,10.0,22600.0,2024.0,0.0,0.0,0.49999999999999994,-0.8660254037844387,-0.6788204829862355,-0.734304263829602,0.7818314824680298,0.6234898018587336,-0.8660254037844385,-0.5000000000000004,1.0,2.0,0.0,3.0
2024-08-13 11:00:00,False,False,2024-08-13 11:00:00,1.0,8.0,226.0,33,11.0,22600.0,2024.0,0.0,0.0,0.258819045102521,-0.9659258262890682,-0.6788204829862355,-0.734304263829602,0.7818314824680298,0.6234898018587336,-0.8660254037844385,-0.5000000000000004,1.0,1.0,0.0,0.0
2024-08-13 12:00:00,False,False,2024-08-13 12:00:00,1.0,8.0,226.0,33,12.0,22600.0,2024.0,0.0,0.0,1.2246467991473532e-16,-1.0,-0.6788204829862355,-0.734304263829602,0.7818314824680298,0.6234898018587336,-0.8660254037844385,-0.5000000000000004,1.0,0.0,0.0,0.0
2024-08-13 13:00:00,False,False,2024-08-13 13:00:00,1.0,8.0,226.0,33,13.0,22600.0,2024.0,0.0,0.0,-0.2588190451025208,-0.9659258262890683,-0.6788204829862355,-0.734304263829602,0.7818314824680298,0.6234898018587336,-0.8660254037844385,-0.5000000000000004,1.0,-1.0,0.0,0.0
2024-08-13 14:00:00,False,False,2024-08-13 14:00:00,1.0,8.0,226.0,33,14.0,22600.0,2024.0,0.0,0.0,-0.4999999999999997,-0.8660254037844388,-0.6788204829862355,-0.734304263829602,0.7818314824680298,0.6234898018587336,-0.8660254037844385,-0.5000000000000004,1.0,-2.0,0.0,1.0
2024-08-13 15:00:00,False,False,2024-08-13 15:00:00,1.0,8.0,226.0,33,15.0,22600.0,2024.0,0.0,0.0,-0.7071067811865471,-0.7071067811865479,-0.6788204829862355,-0.734304263829602,0.7818314824680298,0.6234898018587336,-0.8660254037844385,-0.5000000000000004,1.0,-3.0,0.0,1.0
2024-08-13 16:00:00,False,False,2024-08-13 16:00:00,1.0,8.0,226.0,33,16.0,22600.0,2024.0,0.0,0.0,-0.8660254037844385,-0.5000000000000004,-0.6788204829862355,-0.734304263829602,0.7818314824680298,0.6234898018587336,-0.8660254037844385,-0.5000000000000004,1.0,-4.0,0.0,2.0
2024-08-13 17:00:00,False,False,2024-08-13 17:00:00,1.0,8.0,226.0,33,17.0,22600.0,2024.0,0.0,0.0,-0.9659258262890683,-0.25881904510252063,-0.6788204829862355,-0.734304263829602,0.7818314824680298,0.6234898018587336,-0.8660254037844385,-0.5000000000000004,1.0,-5.0,0.0,6.0
2024-08-13 18:00:00,False,False,2024-08-13 18:00:00,1.0,8.0,226.0,33,18.0,22600.0,2024.0,0.0,0.0,-1.0,-1.8369701987210297e-16,-0.6788204829862355,-0.734304263829602,0.7818314824680298,0.6234898018587336,-0.8660254037844385,-0.5000000000000004,1.0,-6.0,0.0,7.0
2024-08-13 19:00:00,False,False,2024-08-13 19:00:00,1.0,8.0,226.0,33,19.0,22600.0,2024.0,0.0,0.0,-0.9659258262890684,0.2588190451025203,-0.6788204829862355,-0.734304263829602,0.7818314824680298,0.6234898018587336,-0.8660254037844385,-0.5000000000000004,0.0,0.0,19.0,13.0
2024-08-13 20:00:00,False,False,2024-08-13 20:00:00,1.0,8.0,226.0,33,20.0,22600.0,2024.0,0.0,0.0,-0.8660254037844386,0.5000000000000001,-0.6788204829862355,-0.734304263829602,0.7818314824680298,0.6234898018587336,-0.8660254037844385,-0.5000000000000004,0.0,0.0,20.0,15.0
2024-08-13 21:00:00,False,False,2024-08-13 21:00:00,1.0,8.0,226.0,33,21.0,22600.0,2024.0,0.0,0.0,-0.7071067811865477,0.7071067811865474,-0.6788204829862355,-0.734304263829602,0.7818314824680298,0.6234898018587336,-0.8660254037844385,-0.5000000000000004,0.0,0.0,21.0,21.0
2024-08-13 22:00:00,False,False,2024-08-13 22:00:00,1.0,8.0,226.0,33,22.0,22600.0,2024.0,0.0,0.0,-0.5000000000000004,0.8660254037844384,-0.6788204829862355,-0.734304263829602,0.7818314824680298,0.6234898018587336,-0.8660254037844385,-0.5000000000000004,0.0,0.0,22.0,23.0
2024-08-13 23:00:00,False,False,2024-08-13 23:00:00,1.0,8.0,226.0,33,23.0,22600.0,2024.0,0.0,0.0,-0.25881904510252157,0.9659258262890681,-0.6788204829862355,-0.734304263829602,0.7818314824680298,0.6234898018587336,-0.8660254037844385,-0.5000000000000004,0.0,0.0,23.0,28.0
2024-08-14 00:00:00,False,False,2024-08-14 00:00:00,2.0,8.0,227.0,33,0.0,22700.0,2024.0,0.0,0.0,0.0,1.0,-0.6913512362094071,-0.722518835873311,0.9749279121818236,-0.22252093395631434,-0.8660254037844385,-0.5000000000000004,0.0,0.0,0.0,21.0
2024-08-14 01:00:00,False,False,2024-08-14 01:00:00,2.0,8.0,227.0,33,1.0,22700.0,2024.0,0.0,0.0,0.25881904510252074,0.9659258262890683,-0.6913512362094071,-0.722518835873311,0.9749279121818236,-0.22252093395631434,-0.8660254037844385,-0.5000000000000004,0.0,0.0,1.0,21.0
2024-08-14 02:00:00,False,False,2024-08-14 02:00:00,2.0,8.0,227.0,33,2.0,22700.0,2024.0,0.0,0.0,0.49999999999999994,0.8660254037844387,-0.6913512362094071,-0.722518835873311,0.9749279121818236,-0.22252093395631434,-0.8660254037844385,-0.5000000000000004,0.0,0.0,2.0,16.0
2024-08-14 03:00:00,False,False,2024-08-14 03:00:00,2.0,8.0,227.0,33,3.0,22700.0,2024.0,0.0,0.0,0.7071067811865476,0.7071067811865476,-0.6913512362094071,-0.722518835873311,0.9749279121818236,-0.22252093395631434,-0.8660254037844385,-0.5000000000000004,0.0,0.0,3.0,9.0
2024-08-14 04:00:00,False,False,2024-08-14 04:00:00,2.0,8.0,227.0,33,4.0,22700.0,2024.0,0.0,0.0,0.8660254037844386,0.5000000000000001,-0.6913512362094071,-0.722518835873311,0.9749279121818236,-0.22252093395631434,-0.8660254037844385,-0.5000000000000004,0.0,0.0,4.0,10.0
2024-08-14 05:00:00,False,False,2024-08-14 05:00:00,2.0,8.0,227.0,33,5.0,22700.0,2024.0,0.0,0.0,0.9659258262890683,0.25881904510252074,-0.6913512362094071,-0.722518835873311,0.9749279121818236,-0.22252093395631434,-0.8660254037844385,-0.5000000000000004,0.0,0.0,5.0,8.0
2024-08-14 06:00:00,False,False,2024-08-14 06:00:00,2.0,8.0,227.0,33,6.0,22700.0,2024.0,0.0,0.0,1.0,6.123233995736766e-17,-0.6913512362094071,-0.722518835873311,0.9749279121818236,-0.22252093395631434,-0.8660254037844385,-0.5000000000000004,1.0,6.0,0.0,5.0
2024-08-14 07:00:00,False,False,2024-08-14 07:00:00,2.0,8.0,227.0,33,7.0,22700.0,2024.0,0.0,0.0,0.9659258262890683,-0.25881904510252063,-0.6913512362094071,-0.722518835873311,0.9749279121818236,-0.22252093395631434,-0.8660254037844385,-0.5000000000000004,1.0,5.0,0.0,4.0
2024-08-14 08:00:00,False,False,2024-08-14 08:00:00,2.0,8.0,227.0,33,8.0,22700.0,2024.0,0.0,0.0,0.8660254037844387,-0.4999999999999998,-0.6913512362094071,-0.722518835873311,0.9749279121818236,-0.22252093395631434,-0.8660254037844385,-0.5000000000000004,1.0,4.0,0.0,4.0
2024-08-14 09:00:00,False,False,2024-08-14 09:00:00,2.0,8.0,227.0,33,9.0,22700.0,2024.0,0.0,0.0,0.7071067811865476,-0.7071067811865475,-0.6913512362094071,-0.722518835873311,0.9749279121818236,-0.22252093395631434,-0.8660254037844385,-0.5000000000000004,1.0,3.0,0.0,2.0
2024-08-14 10:00:00,False,False,2024-08-14 10:00:00,2.0,8.0,227.0,33,10.0,22700.0,2024.0,0.0,0.0,0.49999999999999994,-0.8660254037844387,-0.6913512362094071,-0.722518835873311,0.9749279121818236,-0.22252093395631434,-0.8660254037844385,-0.5000000000000004,1.0,2.0,0.0,2.0
2024-08-14 11:00:00,False,False,2024-08-14 11:00:00,2.0,8.0,227.0,33,11.0,22700.0,2024.0,0.0,0.0,0.258819045102521,-0.9659258262890682,-0.6913512362094071,-0.722518835873311,0.9749279121818236,-0.22252093395631434,-0.8660254037844385,-0.5000000000000004,1.0,1.0,0.0,2.0
2024-08-14 12:00:00,False,False,2024-08-14 12:00:00,2.0,8.0,227.0,33,12.0,22700.0,2024.0,0.0,0.0,1.2246467991473532e-16,-1.0,-0.6913512362094071,-0.722518835873311,0.9749279121818236,-0.22252093395631434,-0.8660254037844385,-0.5000000000000004,1.0,0.0,0.0,2.0
2024-08-14 13:00:00,False,False,2024-08-14 13:00:00,2.0,8.0,227.0,33,13.0,22700.0,2024.0,0.0,0.0,-0.2588190451025208,-0.9659258262890683,-0.6913512362094071,-0.722518835873311,0.9749279121818236,-0.22252093395631434,-0.8660254037844385,-0.5000000000000004,1.0,-1.0,0.0,5.0
2024-08-14 14:00:00,False,False,2024-08-14 14:00:00,2.0,8.0,227.0,33,14.0,22700.0,2024.0,0.0,0.0,-0.4999999999999997,-0.8660254037844388,-0.6913512362094071,-0.722518835873311,0.9749279121818236,-0.22252093395631434,-0.8660254037844385,-0.5000000000000004,1.0,-2.0,0.0,8.0
2024-08-14 15:00:00,False,False,2024-08-14 15:00:00,2.0,8.0,227.0,33,15.0,22700.0,2024.0,0.0,0.0,-0.7071067811865471,-0.7071067811865479,-0.6913512362094071,-0.722518835873311,0.9749279121818236,-0.22252093395631434,-0.8660254037844385,-0.5000000000000004,1.0,-3.0,0.0,12.0
2024-08-14 16:00:00,False,False,2024-08-14 16:00:00,2.0,8.0,227.0,33,16.0,22700.0,2024.0,0.0,0.0,-0.8660254037844385,-0.5000000000000004,-0.6913512362094071,-0.722518835873311,0.9749279121818236,-0.22252093395631434,-0.8660254037844385,-0.5000000000000004,1.0,-4.0,0.0,34.0
2024-08-14 17:00:00,False,False,2024-08-14 17:00:00,2.0,8.0,227.0,33,17.0,22700.0,2024.0,0.0,0.0,-0.9659258262890683,-0.25881904510252063,-0.6913512362094071,-0.722518835873311,0.9749279121818236,-0.22252093395631434,-0.8660254037844385,-0.5000000000000004,1.0,-5.0,0.0,48.0
2024-08-14 18:00:00,False,False,2024-08-14 18:00:00,2.0,8.0,227.0,33,18.0,22700.0,2024.0,0.0,0.0,-1.0,-1.8369701987210297e-16,-0.6913512362094071,-0.722518835873311,0.9749279121818236,-0.22252093395631434,-0.8660254037844385,-0.5000000000000004,1.0,-6.0,0.0,57.0
2024-08-14 19:00:00,False,False,2024-08-14 19:00:00,2.0,8.0,227.0,33,19.0,22700.0,2024.0,0.0,0.0,-0.9659258262890684,0.2588190451025203,-0.6913512362094071,-0.722518835873311,0.9749279121818236,-0.22252093395631434,-0.8660254037844385,-0.5000000000000004,0.0,0.0,19.0,75.0
2024-08-14 20:00:00,False,False,2024-08-14 20:00:00,2.0,8.0,227.0,33,20.0,22700.0,2024.0,0.0,0.0,-0.8660254037844386,0.5000000000000001,-0.6913512362094071,-0.722518835873311,0.9749279121818236,-0.22252093395631434,-0.8660254037844385,-0.5000000000000004,0.0,0.0,20.0,60.0
2024-08-14 21:00:00,False,False,2024-08-14 21:00:00,2.0,8.0,227.0,33,21.0,22700.0,2024.0,0.0,0.0,-0.7071067811865477,0.7071067811865474,-0.6913512362094071,-0.722518835873311,0.9749279121818236,-0.22252093395631434,-0.8660254037844385,-0.5000000000000004,0.0,0.0,21.0,58.0
2024-08-14 22:00:00,False,False,2024-08-14 22:00:00,2.0,8.0,227.0,33,22.0,22700.0,2024.0,0.0,0.0,-0.5000000000000004,0.8660254037844384,-0.6913512362094071,-0.722518835873311,0.9749279121818236,-0.22252093395631434,-0.8660254037844385,-0.5000000000000004,0.0,0.0,22.0,57.0
2024-08-14 23:00:00,False,False,2024-08-14 23:00:00,2.0,8.0,227.0,33,23.0,22700.0,2024.0,0.0,0.0,-0.25881904510252157,0.9659258262890681,-0.6913512362094071,-0.722518835873311,0.9749279121818236,-0.22252093395631434,-0.8660254037844385,-0.5000000000000004,0.0,0.0,23.0,57.0
2024-08-15 00:00:00,False,False,2024-08-15 00:00:00,3.0,8.0,228.0,33,0.0,22800.0,2024.0,0.0,0.0,0.0,1.0,-0.7036774074790128,-0.7105196029692745,0.43388373911755823,-0.900968867902419,-0.8660254037844385,-0.5000000000000004,0.0,0.0,0.0,57.0
2024-08-15 01:00:00,False,False,2024-08-15 01:00:00,3.0,8.0,228.0,33,1.0,22800.0,2024.0,0.0,0.0,0.25881904510252074,0.9659258262890683,-0.7036774074790128,-0.7105196029692745,0.43388373911755823,-0.900968867902419,-0.8660254037844385,-0.5000000000000004,0.0,0.0,1.0,57.0
2024-08-15 02:00:00,False,False,2024-08-15 02:00:00,3.0,8.0,228.0,33,2.0,22800.0,2024.0,0.0,0.0,0.49999999999999994,0.8660254037844387,-0.7036774074790128,-0.7105196029692745,0.43388373911755823,-0.900968867902419,-0.8660254037844385,-0.5000000000000004,0.0,0.0,2.0,57.0
2024-08-15 03:00:00,False,False,2024-08-15 03:00:00,3.0,8.0,228.0,33,3.0,22800.0,2024.0,0.0,0.0,0.7071067811865476,0.7071067811865476,-0.7036774074790128,-0.7105196029692745,0.43388373911755823,-0.900968867902419,-0.8660254037844385,-0.5000000000000004,0.0,0.0,3.0,57.0
2024-08-15 04:00:00,False,False,2024-08-15 04:00:00,3.0,8.0,228.0,33,4.0,22800.0,2024.0,0.0,0.0,0.8660254037844386,0.5000000000000001,-0.7036774074790128,-0.7105196029692745,0.43388373911755823,-0.900968867902419,-0.8660254037844385,-0.5000000000000004,0.0,0.0,4.0,57.0
2024-08-15 05:00:00,False,False,2024-08-15 05:00:00,3.0,8.0,228.0,33,5.0,22800.0,2024.0,0.0,0.0,0.9659258262890683,0.25881904510252074,-0.7036774074790128,-0.7105196029692745,0.43388373911755823,-0.900968867902419,-0.8660254037844385,-0.5000000000000004,0.0,0.0,5.0,9.0
2024-08-15 06:00:00,False,False,2024-08-15 06:00:00,3.0,8.0,228.0,33,6.0,22800.0,2024.0,0.0,0.0,1.0,6.123233995736766e-17,-0.7036774074790128,-0.7105196029692745,0.43388373911755823,-0.900968867902419,-0.8660254037844385,-0.5000000000000004,1.0,6.0,0.0,16.0
2024-08-15 07:00:00,False,False,2024-08-15 07:00:00,3.0,8.0,228.0,33,7.0,22800.0,2024.0,0.0,0.0,0.9659258262890683,-0.25881904510252063,-0.7036774074790128,-0.7105196029692745,0.43388373911755823,-0.900968867902419,-0.8660254037844385,-0.5000000000000004,1.0,5.0,0.0,14.0
2024-08-15 08:00:00,False,False,2024-08-15 08:00:00,3.0,8.0,228.0,33,8.0,22800.0,2024.0,0.0,0.0,0.8660254037844387,-0.4999999999999998,-0.7036774074790128,-0.7105196029692745,0.43388373911755823,-0.900968867902419,-0.8660254037844385,-0.5000000000000004,1.0,4.0,0.0,12.0
2024-08-15 09:00:00,False,False,2024-08-15 09:00:00,3.0,8.0,228.0,33,9.0,22800.0,2024.0,0.0,0.0,0.7071067811865476,-0.7071067811865475,-0.7036774074790128,-0.7105196029692745,0.43388373911755823,-0.900968867902419,-0.8660254037844385,-0.5000000000000004,1.0,3.0,0.0,11.0
2024-08-15 10:00:00,False,False,2024-08-15 10:00:00,3.0,8.0,228.0,33,10.0,22800.0,2024.0,0.0,0.0,0.49999999999999994,-0.8660254037844387,-0.7036774074790128,-0.7105196029692745,0.43388373911755823,-0.900968867902419,-0.8660254037844385,-0.5000000000000004,1.0,2.0,0.0,11.0
2024-08-15 11:00:00,False,False,2024-08-15 11:00:00,3.0,8.0,228.0,33,11.0,22800.0,2024.0,0.0,0.0,0.258819045102521,-0.9659258262890682,-0.7036774074790128,-0.7105196029692745,0.43388373911755823,-0.900968867902419,-0.8660254037844385,-0.5000000000000004,1.0,1.0,0.0,12.0
2024-08-15 12:00:00,False,False,2024-08-15 12:00:00,3.0,8.0,228.0,33,12.0,22800.0,2024.0,0.0,0.0,1.2246467991473532e-16,-1.0,-0.7036774074790128,-0.7105196029692745,0.43388373911755823,-0.900968867902419,-0.8660254037844385,-0.5000000000000004,1.0,0.0,0.0,12.0
2024-08-15 13:00:00,False,False,2024-08-15 13:00:00,3.0,8.0,228.0,33,13.0,22800.0,2024.0,0.0,0.0,-0.2588190451025208,-0.9659258262890683,-0.7036774074790128,-0.7105196029692745,0.43388373911755823,-0.900968867902419,-0.8660254037844385,-0.5000000000000004,1.0,-1.0,0.0,13.0
2024-08-15 14:00:00,False,False,2024-08-15 14:00:00,3.0,8.0,228.0,33,14.0,22800.0,2024.0,0.0,0.0,-0.4999999999999997,-0.8660254037844388,-0.7036774074790128,-0.7105196029692745,0.43388373911755823,-0.900968867902419,-0.8660254037844385,-0.5000000000000004,1.0,-2.0,0.0,7.0
2024-08-15 15:00:00,False,False,2024-08-15 15:00:00,3.0,8.0,228.0,33,15.0,22800.0,2024.0,0.0,0.0,-0.7071067811865471,-0.7071067811865479,-0.7036774074790128,-0.7105196029692745,0.43388373911755823,-0.900968867902419,-0.8660254037844385,-0.5000000000000004,1.0,-3.0,0.0,11.0
2024-08-15 16:00:00,False,False,2024-08-15 16:00:00,3.0,8.0,228.0,33,16.0,22800.0,2024.0,0.0,0.0,-0.8660254037844385,-0.5000000000000004,-0.7036774074790128,-0.7105196029692745,0.43388373911755823,-0.900968867902419,-0.8660254037844385,-0.5000000000000004,1.0,-4.0,0.0,29.0
2024-08-15 17:00:00,False,False,2024-08-15 17:00:00,3.0,8.0,228.0,33,17.0,22800.0,2024.0,0.0,0.0,-0.9659258262890683,-0.25881904510252063,-0.7036774074790128,-0.7105196029692745,0.43388373911755823,-0.900968867902419,-0.8660254037844385,-0.5000000000000004,1.0,-5.0,0.0,45.0
